1 2 3 12
1 2 4 6
1 2 4 7
1 2 5 9
1 2 8 13
1 2 10 11
1 3 4 9
1 3 5 11
1 3 6 10
1 3 7 13
1 3 8 12
1 4 5 8
1 4 7 10
1 4 8 13
1 4 11 12
1 5 6 11
1 5 7 12
1 5 10 13
1 6 7 8
1 6 8 9
1 6 12 13
1 7 9 11
1 8 10 11
1 9 10 12
1 9 11 13
2 3 4 10
2 3 5 13
2 3 6 9
2 3 7 8
2 3 7 11
2 4 5 12
2 4 8 9
2 4 11 13
2 5 6 8
2 5 7 10
2 5 9 11
2 6 7 13
2 6 8 11
2 6 10 12
2 7 9 12
2 8 10 12
2 9 10 13
2 11 12 13
3 4 5 7
3 4 6 13
3 4 7 12
3 4 8 10
3 4 9 11
3 5 6 8
3 5 8 9
3 5 10 12
3 6 7 9
3 6 11 12
3 7 10 13
3 8 11 13
3 9 10 11
3 9 12 13
4 5 6 13
4 5 9 12
4 5 10 11
4 6 7 11
4 6 8 12
4 6 9 10
4 7 8 11
4 7 9 13
4 10 12 13
5 6 7 12
5 6 9 10
5 7 8 9
5 7 11 13
5 8 10 13
5 8 11 12
5 9 12 13
6 7 8 10
6 8 9 13
6 9 11 12
6 10 11 13
7 8 9 10
7 8 12 13
7 10 11 12
8 9 11 12
